-0.25 -0.5
-0.375 -1.5
-0.4375 -1.1666666666666667
-0.40625 -0.9285714285714286
-0.421875 -1.0384615384615385
-0.4140625 -0.9814814814814815
-0.41015625 -0.9905660377358491
-0.408203125 -0.9952380952380953
-0.4072265625 -0.9976076555023924
-0.40771484375 -1.001199040767386
-0.407958984375 -1.0005988023952095
-0.4078369140625 -0.9997007779772591
-0.40777587890625 -0.9998503442083209
-0.407806396484375 -1.0000748390959437
-0.4077911376953125 -0.9999625832522637
-0.40778350830078125 -0.9999812909260991
-0.4077796936035156 -0.9999906452880316
-0.4077777862548828 -0.99999532260026
-0.4077768325805664 -0.999997661289191
-0.4077763557434082 -0.9999988306418607
-0.4077765941619873 -1.0000005846797533
-0.40777671337127686 -1.0000002923397058
-0.4077766537666321 -0.9999998538301899
-0.40777668356895447 -1.0000000730849157
-0.40777669847011566 -1.0000000365424553
-0.40777670592069626 -1.000000018271227
-0.40777670964598656 -1.0000000091356134
-0.4077767077833414 -0.9999999954321934
-0.407776708714664 -1.0000000022839033
-0.40777670918032527 -1.0000000011419516
-0.4077767094131559 -1.000000000570976
-0.4077767092967406 -0.999999999714512
-0.40777670935494825 -1.000000000142744
-0.4077767093840521 -1.000000000071372
-0.407776709398604 -1.000000000035686
-0.40777670940587996 -1.000000000017843
-0.407776709402242 -0.9999999999910785
-0.40777670940406097 -1.0000000000044607
-0.40777670940497046 -1.0000000000022304
-0.4077767094045157 -0.9999999999988848
-0.40777670940428834 -0.9999999999994424
-0.407776709404402 -1.0000000000002789
-0.40777670940445887 -1.0000000000001394
-0.4077767094044873 -1.0000000000000697
-0.4077767094044731 -0.9999999999999651
-0.4077767094044802 -1.0000000000000173
-0.40777670940448374 -1.0000000000000087
-0.40777670940448196 -0.9999999999999957
-0.4077767094044811 -0.9999999999999978
-0.40777670940448063 -0.9999999999999989
-0.4077767094044804 -0.9999999999999994
-0.4077767094044803 -0.9999999999999998
-0.40777670940448035 -1.0000000000000002
-0.4077767094044803 -0.9999999999999999
-0.4077767094044803 -1.0
-0.4077767094044803 -1.0
-0.4077767094044803 -1.0
-0.4077767094044803 -1.0
-0.4077767094044803 -1.0
-0.4077767094044803 -1.0
-0.4077767094044803 -1.0
-0.4077767094044803 -1.0
-0.4077767094044803 -1.0
-0.4077767094044803 -1.0
-0.4077767094044803 -1.0
-0.4077767094044803 -1.0
-0.4077767094044803 -1.0
-0.4077767094044803 -1.0
-0.4077767094044803 -1.0
-0.4077767094044803 -1.0
-0.4077767094044803 -1.0
-0.4077767094044803 -1.0
-0.4077767094044803 -1.0
-0.4077767094044803 -1.0
-0.4077767094044803 -1.0
-0.4077767094044803 -1.0
-0.4077767094044803 -1.0
-0.4077767094044803 -1.0
-0.4077767094044803 -1.0
-0.4077767094044803 -1.0
-0.4077767094044803 -1.0
-0.4077767094044803 -1.0
-0.4077767094044803 -1.0
-0.4077767094044803 -1.0
-0.4077767094044803 -1.0
-0.4077767094044803 -1.0
-0.4077767094044803 -1.0
-0.4077767094044803 -1.0
-0.4077767094044803 -1.0
-0.4077767094044803 -1.0
-0.4077767094044803 -1.0
-0.4077767094044803 -1.0
-0.4077767094044803 -1.0
-0.4077767094044803 -1.0
-0.4077767094044803 -1.0
-0.4077767094044803 -1.0
-0.4077767094044803 -1.0
-0.4077767094044803 -1.0
-0.4077767094044803 -1.0
-0.4077767094044803 -1.0
-0.4077767094044803 -1.0
-0.4077767094044803 -1.0
-0.4077767094044803 -1.0
-0.4077767094044803 -1.0
-0.4077767094044803 -1.0
-0.4077767094044803 -1.0
-0.4077767094044803 -1.0
-0.4077767094044803 -1.0
-0.4077767094044803 -1.0
-0.4077767094044803 -1.0
-0.4077767094044803 -1.0
-0.4077767094044803 -1.0
-0.4077767094044803 -1.0
-0.4077767094044803 -1.0
-0.4077767094044803 -1.0
-0.4077767094044803 -1.0
-0.4077767094044803 -1.0
-0.4077767094044803 -1.0
-0.4077767094044803 -1.0
-0.4077767094044803 -1.0
-0.4077767094044803 -1.0
-0.4077767094044803 -1.0
-0.4077767094044803 -1.0
-0.4077767094044803 -1.0
-0.4077767094044803 -1.0
-0.4077767094044803 -1.0
-0.4077767094044803 -1.0
-0.4077767094044803 -1.0
-0.4077767094044803 -1.0
-0.4077767094044803 -1.0
-0.4077767094044803 -1.0
-0.4077767094044803 -1.0
-0.4077767094044803 -1.0
-0.4077767094044803 -1.0
-0.4077767094044803 -1.0
-0.4077767094044803 -1.0
-0.4077767094044803 -1.0
-0.4077767094044803 -1.0
-0.4077767094044803 -1.0
-0.4077767094044803 -1.0
-0.4077767094044803 -1.0
-0.4077767094044803 -1.0
-0.4077767094044803 -1.0
-0.4077767094044803 -1.0
-0.4077767094044803 -1.0
-0.4077767094044803 -1.0
-0.4077767094044803 -1.0
-0.4077767094044803 -1.0
-0.4077767094044803 -1.0
-0.4077767094044803 -1.0
-0.4077767094044803 -1.0
-0.4077767094044803 -1.0
-0.4077767094044803 -1.0
-0.4077767094044803 -1.0
-0.4077767094044803 -1.0
-0.4077767094044803 -1.0
-0.4077767094044803 -1.0
-0.4077767094044803 -1.0
-0.4077767094044803 -1.0
-0.4077767094044803 -1.0
-0.4077767094044803 -1.0
-0.4077767094044803 -1.0
-0.4077767094044803 -1.0
-0.4077767094044803 -1.0
-0.4077767094044803 -1.0
-0.4077767094044803 -1.0
-0.4077767094044803 -1.0
-0.4077767094044803 -1.0
-0.4077767094044803 -1.0
-0.4077767094044803 -1.0
-0.4077767094044803 -1.0
-0.4077767094044803 -1.0
-0.4077767094044803 -1.0
-0.4077767094044803 -1.0
-0.4077767094044803 -1.0
-0.4077767094044803 -1.0
-0.4077767094044803 -1.0
-0.4077767094044803 -1.0
-0.4077767094044803 -1.0
-0.4077767094044803 -1.0
-0.4077767094044803 -1.0
-0.4077767094044803 -1.0
-0.4077767094044803 -1.0
-0.4077767094044803 -1.0
-0.4077767094044803 -1.0
-0.4077767094044803 -1.0
-0.4077767094044803 -1.0
-0.4077767094044803 -1.0
-0.4077767094044803 -1.0
-0.4077767094044803 -1.0
-0.4077767094044803 -1.0
-0.4077767094044803 -1.0
-0.4077767094044803 -1.0
-0.4077767094044803 -1.0
-0.4077767094044803 -1.0
-0.4077767094044803 -1.0
-0.4077767094044803 -1.0
-0.4077767094044803 -1.0
-0.4077767094044803 -1.0
-0.4077767094044803 -1.0
-0.4077767094044803 -1.0
-0.4077767094044803 -1.0
-0.4077767094044803 -1.0
-0.4077767094044803 -1.0
-0.4077767094044803 -1.0
-0.4077767094044803 -1.0
-0.4077767094044803 -1.0
-0.4077767094044803 -1.0
-0.4077767094044803 -1.0
-0.4077767094044803 -1.0
-0.4077767094044803 -1.0
-0.4077767094044803 -1.0
-0.4077767094044803 -1.0
-0.4077767094044803 -1.0
-0.4077767094044803 -1.0
-0.4077767094044803 -1.0
-0.4077767094044803 -1.0
-0.4077767094044803 -1.0
-0.4077767094044803 -1.0
-0.4077767094044803 -1.0
-0.4077767094044803 -1.0
-0.4077767094044803 -1.0
-0.4077767094044803 -1.0
-0.4077767094044803 -1.0
-0.4077767094044803 -1.0
-0.4077767094044803 -1.0
-0.4077767094044803 -1.0
-0.4077767094044803 -1.0
-0.4077767094044803 -1.0
-0.4077767094044803 -1.0
-0.4077767094044803 -1.0
-0.4077767094044803 -1.0
-0.4077767094044803 -1.0
-0.4077767094044803 -1.0
-0.4077767094044803 -1.0
-0.4077767094044803 -1.0
-0.4077767094044803 -1.0
-0.4077767094044803 -1.0
-0.4077767094044803 -1.0
-0.4077767094044803 -1.0
-0.4077767094044803 -1.0
-0.4077767094044803 -1.0
-0.4077767094044803 -1.0
-0.4077767094044803 -1.0
-0.4077767094044803 -1.0
-0.4077767094044803 -1.0
-0.4077767094044803 -1.0
-0.4077767094044803 -1.0
-0.4077767094044803 -1.0
-0.4077767094044803 -1.0
-0.4077767094044803 -1.0
-0.4077767094044803 -1.0
-0.4077767094044803 -1.0
-0.4077767094044803 -1.0
-0.4077767094044803 -1.0
-0.4077767094044803 -1.0
-0.4077767094044803 -1.0
-0.4077767094044803 -1.0
-0.4077767094044803 -1.0
-0.4077767094044803 -1.0
-0.4077767094044803 -1.0
-0.4077767094044803 -1.0
-0.4077767094044803 -1.0
-0.4077767094044803 -1.0
-0.4077767094044803 -1.0
-0.4077767094044803 -1.0
-0.4077767094044803 -1.0
-0.4077767094044803 -1.0
-0.4077767094044803 -1.0
-0.4077767094044803 -1.0
-0.4077767094044803 -1.0
-0.4077767094044803 -1.0
-0.4077767094044803 -1.0
-0.4077767094044803 -1.0
-0.4077767094044803 -1.0
-0.4077767094044803 -1.0
-0.4077767094044803 -1.0
-0.4077767094044803 -1.0
-0.4077767094044803 -1.0
-0.4077767094044803 -1.0
-0.4077767094044803 -1.0
-0.4077767094044803 -1.0
-0.4077767094044803 -1.0
-0.4077767094044803 -1.0
-0.4077767094044803 -1.0
-0.4077767094044803 -1.0
-0.4077767094044803 -1.0
-0.4077767094044803 -1.0
-0.4077767094044803 -1.0
-0.4077767094044803 -1.0
-0.4077767094044803 -1.0
-0.4077767094044803 -1.0
-0.4077767094044803 -1.0
-0.4077767094044803 -1.0
-0.4077767094044803 -1.0
-0.4077767094044803 -1.0
-0.4077767094044803 -1.0
-0.4077767094044803 -1.0
-0.4077767094044803 -1.0
-0.4077767094044803 -1.0
-0.4077767094044803 -1.0
-0.4077767094044803 -1.0
-0.4077767094044803 -1.0
-0.4077767094044803 -1.0
-0.4077767094044803 -1.0
-0.4077767094044803 -1.0
-0.4077767094044803 -1.0
-0.4077767094044803 -1.0
-0.4077767094044803 -1.0
-0.4077767094044803 -1.0
-0.4077767094044803 -1.0
-0.4077767094044803 -1.0
-0.4077767094044803 -1.0
-0.4077767094044803 -1.0
-0.4077767094044803 -1.0
-0.4077767094044803 -1.0
-0.4077767094044803 -1.0
-0.4077767094044803 -1.0
-0.4077767094044803 -1.0
-0.4077767094044803 -1.0
-0.4077767094044803 -1.0
-0.4077767094044803 -1.0
-0.4077767094044803 -1.0
-0.4077767094044803 -1.0
-0.4077767094044803 -1.0
-0.4077767094044803 -1.0
-0.4077767094044803 -1.0
-0.4077767094044803 -1.0
-0.4077767094044803 -1.0
-0.4077767094044803 -1.0
-0.4077767094044803 -1.0
-0.4077767094044803 -1.0
-0.4077767094044803 -1.0
-0.4077767094044803 -1.0
-0.4077767094044803 -1.0
-0.4077767094044803 -1.0
-0.4077767094044803 -1.0
-0.4077767094044803 -1.0
-0.4077767094044803 -1.0
-0.4077767094044803 -1.0
-0.4077767094044803 -1.0
-0.4077767094044803 -1.0
-0.4077767094044803 -1.0
-0.4077767094044803 -1.0
-0.4077767094044803 -1.0
-0.4077767094044803 -1.0
-0.4077767094044803 -1.0
-0.4077767094044803 -1.0
-0.4077767094044803 -1.0
-0.4077767094044803 -1.0
-0.4077767094044803 -1.0
-0.4077767094044803 -1.0
-0.4077767094044803 -1.0
-0.4077767094044803 -1.0
-0.4077767094044803 -1.0
-0.4077767094044803 -1.0
-0.4077767094044803 -1.0
-0.4077767094044803 -1.0
-0.4077767094044803 -1.0
-0.4077767094044803 -1.0
-0.4077767094044803 -1.0
-0.4077767094044803 -1.0
-0.4077767094044803 -1.0
-0.4077767094044803 -1.0
-0.4077767094044803 -1.0
-0.4077767094044803 -1.0
-0.4077767094044803 -1.0
-0.4077767094044803 -1.0
-0.4077767094044803 -1.0
-0.4077767094044803 -1.0
-0.4077767094044803 -1.0
-0.4077767094044803 -1.0
-0.4077767094044803 -1.0
-0.4077767094044803 -1.0
-0.4077767094044803 -1.0
-0.4077767094044803 -1.0
-0.4077767094044803 -1.0
-0.4077767094044803 -1.0
-0.4077767094044803 -1.0
-0.4077767094044803 -1.0
-0.4077767094044803 -1.0
-0.4077767094044803 -1.0
-0.4077767094044803 -1.0
-0.4077767094044803 -1.0
-0.4077767094044803 -1.0
-0.4077767094044803 -1.0
-0.4077767094044803 -1.0
-0.4077767094044803 -1.0
-0.4077767094044803 -1.0
-0.4077767094044803 -1.0
-0.4077767094044803 -1.0
-0.4077767094044803 -1.0
-0.4077767094044803 -1.0
-0.4077767094044803 -1.0
-0.4077767094044803 -1.0
-0.4077767094044803 -1.0
-0.4077767094044803 -1.0
-0.4077767094044803 -1.0
-0.4077767094044803 -1.0
-0.4077767094044803 -1.0
-0.4077767094044803 -1.0
-0.4077767094044803 -1.0
-0.4077767094044803 -1.0
-0.4077767094044803 -1.0
-0.4077767094044803 -1.0
-0.4077767094044803 -1.0
-0.4077767094044803 -1.0
-0.4077767094044803 -1.0
-0.4077767094044803 -1.0
-0.4077767094044803 -1.0
-0.4077767094044803 -1.0
-0.4077767094044803 -1.0
-0.4077767094044803 -1.0
-0.4077767094044803 -1.0
-0.4077767094044803 -1.0
-0.4077767094044803 -1.0
-0.4077767094044803 -1.0
-0.4077767094044803 -1.0
-0.4077767094044803 -1.0
-0.4077767094044803 -1.0
-0.4077767094044803 -1.0
-0.4077767094044803 -1.0
-0.4077767094044803 -1.0
-0.4077767094044803 -1.0
-0.4077767094044803 -1.0
-0.4077767094044803 -1.0
-0.4077767094044803 -1.0
-0.4077767094044803 -1.0
-0.4077767094044803 -1.0
-0.4077767094044803 -1.0
-0.4077767094044803 -1.0
-0.4077767094044803 -1.0
-0.4077767094044803 -1.0
-0.4077767094044803 -1.0
-0.4077767094044803 -1.0
-0.4077767094044803 -1.0
-0.4077767094044803 -1.0
-0.4077767094044803 -1.0
-0.4077767094044803 -1.0
-0.4077767094044803 -1.0
-0.4077767094044803 -1.0
-0.4077767094044803 -1.0
-0.4077767094044803 -1.0
-0.4077767094044803 -1.0
-0.4077767094044803 -1.0
-0.4077767094044803 -1.0
-0.4077767094044803 -1.0
-0.4077767094044803 -1.0
-0.4077767094044803 -1.0
-0.4077767094044803 -1.0
-0.4077767094044803 -1.0
-0.4077767094044803 -1.0
-0.4077767094044803 -1.0
-0.4077767094044803 -1.0
-0.4077767094044803 -1.0
-0.4077767094044803 -1.0
-0.4077767094044803 -1.0
-0.4077767094044803 -1.0
-0.4077767094044803 -1.0
-0.4077767094044803 -1.0
-0.4077767094044803 -1.0
-0.4077767094044803 -1.0
-0.4077767094044803 -1.0
-0.4077767094044803 -1.0
-0.4077767094044803 -1.0
-0.4077767094044803 -1.0
-0.4077767094044803 -1.0
-0.4077767094044803 -1.0
-0.4077767094044803 -1.0
-0.4077767094044803 -1.0
-0.4077767094044803 -1.0
-0.4077767094044803 -1.0
-0.4077767094044803 -1.0
-0.4077767094044803 -1.0
-0.4077767094044803 -1.0
-0.4077767094044803 -1.0
-0.4077767094044803 -1.0
-0.4077767094044803 -1.0
-0.4077767094044803 -1.0
-0.4077767094044803 -1.0
-0.4077767094044803 -1.0
-0.4077767094044803 -1.0
-0.4077767094044803 -1.0
-0.4077767094044803 -1.0
-0.4077767094044803 -1.0
-0.4077767094044803 -1.0
-0.4077767094044803 -1.0
-0.4077767094044803 -1.0
-0.4077767094044803 -1.0
-0.4077767094044803 -1.0
-0.4077767094044803 -1.0
-0.4077767094044803 -1.0
-0.4077767094044803 -1.0
-0.4077767094044803 -1.0
-0.4077767094044803 -1.0
-0.4077767094044803 -1.0
-0.4077767094044803 -1.0
-0.4077767094044803 -1.0
-0.4077767094044803 -1.0
-0.4077767094044803 -1.0
-0.4077767094044803 -1.0
-0.4077767094044803 -1.0
-0.4077767094044803 -1.0
-0.4077767094044803 -1.0
-0.4077767094044803 -1.0
-0.4077767094044803 -1.0
-0.4077767094044803 -1.0
-0.4077767094044803 -1.0
-0.4077767094044803 -1.0
-0.4077767094044803 -1.0
-0.4077767094044803 -1.0
-0.4077767094044803 -1.0
-0.4077767094044803 -1.0
-0.4077767094044803 -1.0
-0.4077767094044803 -1.0
-0.4077767094044803 -1.0
-0.4077767094044803 -1.0
-0.4077767094044803 -1.0
-0.4077767094044803 -1.0
-0.4077767094044803 -1.0
-0.4077767094044803 -1.0
-0.4077767094044803 -1.0
-0.4077767094044803 -1.0
-0.4077767094044803 -1.0
-0.4077767094044803 -1.0
-0.4077767094044803 -1.0
-0.4077767094044803 -1.0
-0.4077767094044803 -1.0
-0.4077767094044803 -1.0
-0.4077767094044803 -1.0
-0.4077767094044803 -1.0
-0.4077767094044803 -1.0
-0.4077767094044803 -1.0
-0.4077767094044803 -1.0
-0.4077767094044803 -1.0
-0.4077767094044803 -1.0
-0.4077767094044803 -1.0
-0.4077767094044803 -1.0
-0.4077767094044803 -1.0
-0.4077767094044803 -1.0
-0.4077767094044803 -1.0
-0.4077767094044803 -1.0
-0.4077767094044803 -1.0
-0.4077767094044803 -1.0
-0.4077767094044803 -1.0
-0.4077767094044803 -1.0
-0.4077767094044803 -1.0
-0.4077767094044803 -1.0
-0.4077767094044803 -1.0
-0.4077767094044803 -1.0
-0.4077767094044803 -1.0
-0.4077767094044803 -1.0
-0.4077767094044803 -1.0
-0.4077767094044803 -1.0
-0.4077767094044803 -1.0
-0.4077767094044803 -1.0
-0.4077767094044803 -1.0
-0.4077767094044803 -1.0
-0.4077767094044803 -1.0
-0.4077767094044803 -1.0
-0.4077767094044803 -1.0
-0.4077767094044803 -1.0
-0.4077767094044803 -1.0
-0.4077767094044803 -1.0
-0.4077767094044803 -1.0
-0.4077767094044803 -1.0
-0.4077767094044803 -1.0
-0.4077767094044803 -1.0
-0.4077767094044803 -1.0
-0.4077767094044803 -1.0
-0.4077767094044803 -1.0
-0.4077767094044803 -1.0
-0.4077767094044803 -1.0
-0.4077767094044803 -1.0
-0.4077767094044803 -1.0
-0.4077767094044803 -1.0
-0.4077767094044803 -1.0
-0.4077767094044803 -1.0
-0.4077767094044803 -1.0
-0.4077767094044803 -1.0
-0.4077767094044803 -1.0
-0.4077767094044803 -1.0
-0.4077767094044803 -1.0
-0.4077767094044803 -1.0
-0.4077767094044803 -1.0
-0.4077767094044803 -1.0
-0.4077767094044803 -1.0
-0.4077767094044803 -1.0
-0.4077767094044803 -1.0
-0.4077767094044803 -1.0
-0.4077767094044803 -1.0
-0.4077767094044803 -1.0
-0.4077767094044803 -1.0
-0.4077767094044803 -1.0
-0.4077767094044803 -1.0
-0.4077767094044803 -1.0
-0.4077767094044803 -1.0
-0.4077767094044803 -1.0
-0.4077767094044803 -1.0
-0.4077767094044803 -1.0
-0.4077767094044803 -1.0
-0.4077767094044803 -1.0
-0.4077767094044803 -1.0
-0.4077767094044803 -1.0
-0.4077767094044803 -1.0
-0.4077767094044803 -1.0
-0.4077767094044803 -1.0
-0.4077767094044803 -1.0
-0.4077767094044803 -1.0
-0.4077767094044803 -1.0
-0.4077767094044803 -1.0
-0.4077767094044803 -1.0
-0.4077767094044803 -1.0
-0.4077767094044803 -1.0
-0.4077767094044803 -1.0
-0.4077767094044803 -1.0
-0.4077767094044803 -1.0
-0.4077767094044803 -1.0
-0.4077767094044803 -1.0
-0.4077767094044803 -1.0
-0.4077767094044803 -1.0
-0.4077767094044803 -1.0
-0.4077767094044803 -1.0
-0.4077767094044803 -1.0
-0.4077767094044803 -1.0
-0.4077767094044803 -1.0
-0.4077767094044803 -1.0
-0.4077767094044803 -1.0
-0.4077767094044803 -1.0
-0.4077767094044803 -1.0
-0.4077767094044803 -1.0
-0.4077767094044803 -1.0
-0.4077767094044803 -1.0
-0.4077767094044803 -1.0
-0.4077767094044803 -1.0
-0.4077767094044803 -1.0
-0.4077767094044803 -1.0
-0.4077767094044803 -1.0
-0.4077767094044803 -1.0
-0.4077767094044803 -1.0
-0.4077767094044803 -1.0
-0.4077767094044803 -1.0
-0.4077767094044803 -1.0
-0.4077767094044803 -1.0
-0.4077767094044803 -1.0
-0.4077767094044803 -1.0
-0.4077767094044803 -1.0
-0.4077767094044803 -1.0
-0.4077767094044803 -1.0
-0.4077767094044803 -1.0
-0.4077767094044803 -1.0
-0.4077767094044803 -1.0
-0.4077767094044803 -1.0
-0.4077767094044803 -1.0
-0.4077767094044803 -1.0
-0.4077767094044803 -1.0
-0.4077767094044803 -1.0
-0.4077767094044803 -1.0
-0.4077767094044803 -1.0
-0.4077767094044803 -1.0
-0.4077767094044803 -1.0
-0.4077767094044803 -1.0
-0.4077767094044803 -1.0
-0.4077767094044803 -1.0
-0.4077767094044803 -1.0
-0.4077767094044803 -1.0
-0.4077767094044803 -1.0
-0.4077767094044803 -1.0
-0.4077767094044803 -1.0
-0.4077767094044803 -1.0
-0.4077767094044803 -1.0
-0.4077767094044803 -1.0
-0.4077767094044803 -1.0
-0.4077767094044803 -1.0
-0.4077767094044803 -1.0
-0.4077767094044803 -1.0
-0.4077767094044803 -1.0
-0.4077767094044803 -1.0
-0.4077767094044803 -1.0
-0.4077767094044803 -1.0
-0.4077767094044803 -1.0
-0.4077767094044803 -1.0
-0.4077767094044803 -1.0
-0.4077767094044803 -1.0
-0.4077767094044803 -1.0
-0.4077767094044803 -1.0
-0.4077767094044803 -1.0
-0.4077767094044803 -1.0
-0.4077767094044803 -1.0
-0.4077767094044803 -1.0
-0.4077767094044803 -1.0
-0.4077767094044803 -1.0
-0.4077767094044803 -1.0
-0.4077767094044803 -1.0
-0.4077767094044803 -1.0
-0.4077767094044803 -1.0
-0.4077767094044803 -1.0
-0.4077767094044803 -1.0
-0.4077767094044803 -1.0
-0.4077767094044803 -1.0
-0.4077767094044803 -1.0
-0.4077767094044803 -1.0
-0.4077767094044803 -1.0
-0.4077767094044803 -1.0
-0.4077767094044803 -1.0
-0.4077767094044803 -1.0
-0.4077767094044803 -1.0
-0.4077767094044803 -1.0
-0.4077767094044803 -1.0
-0.4077767094044803 -1.0
-0.4077767094044803 -1.0
-0.4077767094044803 -1.0
-0.4077767094044803 -1.0
-0.4077767094044803 -1.0
-0.4077767094044803 -1.0
-0.4077767094044803 -1.0
-0.4077767094044803 -1.0
-0.4077767094044803 -1.0
-0.4077767094044803 -1.0
-0.4077767094044803 -1.0
-0.4077767094044803 -1.0
-0.4077767094044803 -1.0
-0.4077767094044803 -1.0
-0.4077767094044803 -1.0
-0.4077767094044803 -1.0
-0.4077767094044803 -1.0
-0.4077767094044803 -1.0
-0.4077767094044803 -1.0
-0.4077767094044803 -1.0
-0.4077767094044803 -1.0
-0.4077767094044803 -1.0
-0.4077767094044803 -1.0
-0.4077767094044803 -1.0
-0.4077767094044803 -1.0
-0.4077767094044803 -1.0
-0.4077767094044803 -1.0
-0.4077767094044803 -1.0
-0.4077767094044803 -1.0
-0.4077767094044803 -1.0
-0.4077767094044803 -1.0
-0.4077767094044803 -1.0
-0.4077767094044803 -1.0
-0.4077767094044803 -1.0
-0.4077767094044803 -1.0
-0.4077767094044803 -1.0
-0.4077767094044803 -1.0
-0.4077767094044803 -1.0
-0.4077767094044803 -1.0
-0.4077767094044803 -1.0
-0.4077767094044803 -1.0
-0.4077767094044803 -1.0
-0.4077767094044803 -1.0
-0.4077767094044803 -1.0
-0.4077767094044803 -1.0
-0.4077767094044803 -1.0
-0.4077767094044803 -1.0
-0.4077767094044803 -1.0
-0.4077767094044803 -1.0
-0.4077767094044803 -1.0
-0.4077767094044803 -1.0
-0.4077767094044803 -1.0
-0.4077767094044803 -1.0
-0.4077767094044803 -1.0
-0.4077767094044803 -1.0
-0.4077767094044803 -1.0
-0.4077767094044803 -1.0
-0.4077767094044803 -1.0
-0.4077767094044803 -1.0
-0.4077767094044803 -1.0
-0.4077767094044803 -1.0
-0.4077767094044803 -1.0
-0.4077767094044803 -1.0
-0.4077767094044803 -1.0
-0.4077767094044803 -1.0
-0.4077767094044803 -1.0
-0.4077767094044803 -1.0
-0.4077767094044803 -1.0
-0.4077767094044803 -1.0
-0.4077767094044803 -1.0
-0.4077767094044803 -1.0
-0.4077767094044803 -1.0
-0.4077767094044803 -1.0
-0.4077767094044803 -1.0
-0.4077767094044803 -1.0
-0.4077767094044803 -1.0
-0.4077767094044803 -1.0
-0.4077767094044803 -1.0
-0.4077767094044803 -1.0
-0.4077767094044803 -1.0
-0.4077767094044803 -1.0
-0.4077767094044803 -1.0
-0.4077767094044803 -1.0
-0.4077767094044803 -1.0
-0.4077767094044803 -1.0
-0.4077767094044803 -1.0
-0.4077767094044803 -1.0
-0.4077767094044803 -1.0
-0.4077767094044803 -1.0
-0.4077767094044803 -1.0
-0.4077767094044803 -1.0
-0.4077767094044803 -1.0
-0.4077767094044803 -1.0
-0.4077767094044803 -1.0
-0.4077767094044803 -1.0
-0.4077767094044803 -1.0
-0.4077767094044803 -1.0
-0.4077767094044803 -1.0
-0.4077767094044803 -1.0
-0.4077767094044803 -1.0
-0.4077767094044803 -1.0
-0.4077767094044803 -1.0
-0.4077767094044803 -1.0
-0.4077767094044803 -1.0
-0.4077767094044803 -1.0
-0.4077767094044803 -1.0
-0.4077767094044803 -1.0
-0.4077767094044803 -1.0
-0.4077767094044803 -1.0
-0.4077767094044803 -1.0
-0.4077767094044803 -1.0
-0.4077767094044803 -1.0
-0.4077767094044803 -1.0
-0.4077767094044803 -1.0
-0.4077767094044803 -1.0
-0.4077767094044803 -1.0
-0.4077767094044803 -1.0
-0.4077767094044803 -1.0
-0.4077767094044803 -1.0
-0.4077767094044803 -1.0
-0.4077767094044803 -1.0
-0.4077767094044803 -1.0
-0.4077767094044803 -1.0
-0.4077767094044803 -1.0
-0.4077767094044803 -1.0
-0.4077767094044803 -1.0
-0.4077767094044803 -1.0
-0.4077767094044803 -1.0
-0.4077767094044803 -1.0
-0.4077767094044803 -1.0
-0.4077767094044803 -1.0
-0.4077767094044803 -1.0
-0.4077767094044803 -1.0
-0.4077767094044803 -1.0
-0.4077767094044803 -1.0
-0.4077767094044803 -1.0
-0.4077767094044803 -1.0
-0.4077767094044803 -1.0
-0.4077767094044803 -1.0
-0.4077767094044803 -1.0
-0.4077767094044803 -1.0
-0.4077767094044803 -1.0
-0.4077767094044803 -1.0
-0.4077767094044803 -1.0
-0.4077767094044803 -1.0
-0.4077767094044803 -1.0
-0.4077767094044803 -1.0
-0.4077767094044803 -1.0
-0.4077767094044803 -1.0
-0.4077767094044803 -1.0
-0.4077767094044803 -1.0
-0.4077767094044803 -1.0
-0.4077767094044803 -1.0
-0.4077767094044803 -1.0
-0.4077767094044803 -1.0
-0.4077767094044803 -1.0
-0.4077767094044803 -1.0
-0.4077767094044803 -1.0
-0.4077767094044803 -1.0
-0.4077767094044803 -1.0
-0.4077767094044803 -1.0
-0.4077767094044803 -1.0
-0.4077767094044803 -1.0
-0.4077767094044803 -1.0
-0.4077767094044803 -1.0
-0.4077767094044803 -1.0
-0.4077767094044803 -1.0
-0.4077767094044803 -1.0
-0.4077767094044803 -1.0
-0.4077767094044803 -1.0
-0.4077767094044803 -1.0
-0.4077767094044803 -1.0
-0.4077767094044803 -1.0
-0.4077767094044803 -1.0
-0.4077767094044803 -1.0
-0.4077767094044803 -1.0
-0.4077767094044803 -1.0
-0.4077767094044803 -1.0
-0.4077767094044803 -1.0
-0.4077767094044803 -1.0
-0.4077767094044803 -1.0
-0.4077767094044803 -1.0
-0.4077767094044803 -1.0
-0.4077767094044803 -1.0
-0.4077767094044803 -1.0
-0.4077767094044803 -1.0
-0.4077767094044803 -1.0
-0.4077767094044803 -1.0
-0.4077767094044803 -1.0
-0.4077767094044803 -1.0
-0.4077767094044803 -1.0
-0.4077767094044803 -1.0
-0.4077767094044803 -1.0
-0.4077767094044803 -1.0
-0.4077767094044803 -1.0
-0.4077767094044803 -1.0
-0.4077767094044803 -1.0
-0.4077767094044803 -1.0
-0.4077767094044803 -1.0
-0.4077767094044803 -1.0
-0.4077767094044803 -1.0
-0.4077767094044803 -1.0
-0.4077767094044803 -1.0
-0.4077767094044803 -1.0
-0.4077767094044803 -1.0
-0.4077767094044803 -1.0
-0.4077767094044803 -1.0
-0.4077767094044803 -1.0
-0.4077767094044803 -1.0
-0.4077767094044803 -1.0
-0.4077767094044803 -1.0
-0.4077767094044803 -1.0
-0.4077767094044803 -1.0
-0.4077767094044803 -1.0
-0.4077767094044803 -1.0
-0.4077767094044803 -1.0
-0.4077767094044803 -1.0
-0.4077767094044803 -1.0
-0.4077767094044803 -1.0
-0.4077767094044803 -1.0
-0.4077767094044803 -1.0
-0.4077767094044803 -1.0
-0.4077767094044803 -1.0
-0.4077767094044803 -1.0
-0.4077767094044803 -1.0
-0.4077767094044803 -1.0
-0.4077767094044803 -1.0
-0.4077767094044803 -1.0
-0.4077767094044803 -1.0
-0.4077767094044803 -1.0
-0.4077767094044803 -1.0
-0.4077767094044803 -1.0
-0.4077767094044803 -1.0
-0.4077767094044803 -1.0
-0.4077767094044803 -1.0
-0.4077767094044803 -1.0
-0.4077767094044803 -1.0
-0.4077767094044803 -1.0
-0.4077767094044803 -1.0
-0.4077767094044803 -1.0
-0.4077767094044803 -1.0
-0.4077767094044803 -1.0
-0.4077767094044803 -1.0
-0.4077767094044803 -1.0
-0.4077767094044803 -1.0
-0.4077767094044803 -1.0
-0.4077767094044803 -1.0
-0.4077767094044803 -1.0
-0.4077767094044803 -1.0
-0.4077767094044803 -1.0
-0.4077767094044803 -1.0
-0.4077767094044803 -1.0
-0.4077767094044803 -1.0
-0.4077767094044803 -1.0
-0.4077767094044803 -1.0
-0.4077767094044803 -1.0
-0.4077767094044803 -1.0
-0.4077767094044803 -1.0
-0.4077767094044803 -1.0
-0.4077767094044803 -1.0
-0.4077767094044803 -1.0
-0.4077767094044803 -1.0
-0.4077767094044803 -1.0
-0.4077767094044803 -1.0
-0.4077767094044803 -1.0
-0.4077767094044803 -1.0
-0.4077767094044803 -1.0
-0.4077767094044803 -1.0
-0.4077767094044803 -1.0
-0.4077767094044803 -1.0
-0.4077767094044803 -1.0
-0.4077767094044803 -1.0
-0.4077767094044803 -1.0
-0.4077767094044803 -1.0
-0.4077767094044803 -1.0
-0.4077767094044803 -1.0
-0.4077767094044803 -1.0
-0.4077767094044803 -1.0
-0.4077767094044803 -1.0
-0.4077767094044803 -1.0
-0.4077767094044803 -1.0
-0.4077767094044803 -1.0
-0.4077767094044803 -1.0
-0.4077767094044803 -1.0
-0.4077767094044803 -1.0
-0.4077767094044803 -1.0
-0.4077767094044803 -1.0
-0.4077767094044803 -1.0
-0.4077767094044803 -1.0
-0.4077767094044803 -1.0
